    2.4053    8.6748
    4.6102    8.1180
    7.4388    8.6971
    6.8597    5.6904
    2.4499    5.5791
    4.4766    7.7617
    5.2784    6.4477
    4.8775    3.7973
    2.2717    3.1069
    7.2383    3.7953
    3.3185    4.9555
    6.3029    2.5056
    3.9198    1.2584
    8.0178    1.1915
    4.6325    2.1047
    2.4722    1.5702
    1.3586    4.2873
    0.9577    1.3920
    1.9154    7.2272
    4.2984    6.2249
    8.2851    7.1158
    9.1091    4.9555
    9.0423    3.1292
    6.2584    0.6347
