2.044902 658.108587 -78532.712691 17727326.375038 0
4.898926 13.905388 2.382728 581.855278 0
4.641075 12.884310 4.898926 13.905388 0
3.492013 8.334083 4.580117 12.642919 0
3.172184 7.608573 1.928069 8.029609 0
1.902664 8.038207 -239.354526 89.685000 0
3.172184 7.608573 3.492018 8.334095 0
4.641075 12.884310 4.898926 13.905388 1
3.492013 8.334083 4.580117 12.642919 1
6.155556 7.767410 4.898747 13.906262 1
5.598065 7.544387 4.482938 7.962521 1
4.470187 7.967302 3.492013 8.334083 1
5.598028 7.544372 6.155556 7.767410 1
2.044902 658.108587 -78532.712691 17727326.375038 2
4.898926 13.905388 2.382728 581.855278 2
6.155556 7.767410 4.898747 13.906262 2
8.299417 8.140579 296.988564 162.644864 2
6.694083 7.281417 8.270890 8.125312 2
6.653415 7.289249 6.155542 7.767424 2
6.694181 7.281398 6.653415 7.289249 2
8.148936 5.826564 6.876485 7.099015 3
6.842715 7.132785 6.694083 7.281417 3
6.694181 7.281398 6.653415 7.289249 3
5.579412 5.046649 6.653484 7.289393 3
7.846958 4.902265 8.148941 5.826582 3
7.252359 4.783477 7.846958 4.902265 3
6.058534 4.544976 7.224281 4.777867 3
6.058534 4.544976 5.579396 5.046666 3
2.463429 6.494210 3.095623 6.699239 4
0.724148 5.930139 2.436436 6.485456 4
3.362930 5.934114 3.095612 6.699271 4
3.332181 5.891284 3.362930 5.934114 4
2.364931 4.544021 3.305098 5.853560 4
2.364931 4.544021 1.373395 5.381661 4
1.343636 5.406801 0.724148 5.930139 4
5.598065 7.544387 4.482938 7.962521 5
4.470187 7.967302 3.492013 8.334083 5
3.172184 7.608573 3.492018 8.334095 5
5.291890 7.357560 5.598065 7.544387 5
4.645844 6.963344 5.265032 7.341171 5
3.273631 7.122459 3.172181 7.608584 5
4.645844 6.963344 4.310869 7.002186 5
4.285908 7.005080 3.273631 7.122459 5
5.291890 7.357560 5.598065 7.544387 6
4.645844 6.963344 5.265032 7.341171 6
5.598028 7.544372 6.155556 7.767410 6
6.653415 7.289249 6.155542 7.767424 6
5.063870 5.124630 4.645832 6.963396 6
5.579412 5.046649 6.653484 7.289393 6
5.579412 5.046649 5.063798 5.124641 6
4.893542 5.083998 5.063870 5.124630 7
4.565558 5.005758 4.861506 5.076356 7
5.579412 5.046649 5.063798 5.124641 7
3.531678 3.614100 4.565592 5.005804 7
6.058534 4.544976 5.579396 5.046666 7
6.057791 3.667440 6.058534 4.544998 7
5.332766 2.867370 6.057834 3.667488 7
3.665586 3.108690 3.531675 3.614112 7
5.332766 2.867370 4.645631 2.966831 7
4.619340 2.970637 3.665586 3.108690 7
2.285514 4.060951 2.478683 4.210377 8
0.775233 2.892671 2.258041 4.039699 8
3.531678 3.614100 2.478631 4.210406 8
3.665586 3.108690 3.531675 3.614112 8
3.395331 2.472075 3.665593 3.108708 8
2.484715 2.353263 3.395331 2.472075 8
1.625519 2.241160 2.459711 2.350001 8
1.625519 2.241160 0.974121 2.740278 8
0.941125 2.765560 0.775233 2.892671 8
7.252359 4.783477 7.846958 4.902265 9
6.058534 4.544976 7.224281 4.777867 9
8.364104 4.068378 7.846944 4.902288 9
6.057791 3.667440 6.058534 4.544998 9
7.801769 2.545406 8.364113 4.068403 9
7.662359 2.503671 6.316857 3.479543 9
6.288798 3.499894 6.057791 3.667440 9
7.662359 2.503671 7.801831 2.545425 9
3.332181 5.891284 3.362930 5.934114 10
2.364931 4.544021 3.305098 5.853560 10
4.565558 5.005758 3.362713 5.934282 10
3.531678 3.614100 4.565592 5.005804 10
2.478683 4.210377 2.364928 4.544030 10
3.531678 3.614100 2.478631 4.210406 10
7.662359 2.503671 6.316857 3.479543 11
6.288798 3.499894 6.057791 3.667440 11
5.332766 2.867370 6.057834 3.667488 11
5.640447 1.585377 5.332760 2.867393 11
6.935089 1.554584 7.662391 2.503713 11
6.935089 1.554584 6.272080 1.570354 11
6.244715 1.571005 5.640447 1.585377 11
5.100073 0.987694 3.931744 1.971587 12
3.907688 1.991845 3.410570 2.410487 12
2.243265 -3.008983 3.410582 2.410545 12
1.878747 -11.090859 5.100076 0.987705 12
1.878747 -11.090859 2.243265 -3.008977 12
109.405215 -51.174328 8.033494 2.422889 13
8.002001 2.439540 7.801769 2.545406 13
7.662359 2.503671 7.801831 2.545425 13
6.935089 1.554584 7.662391 2.503713 13
32.808611 -80.201658 6.935080 1.554610 13
5.332766 2.867370 4.645631 2.966831 14
4.619340 2.970637 3.665586 3.108690 14
5.640447 1.585377 5.332760 2.867393 14
3.395331 2.472075 3.665593 3.108708 14
5.100073 0.987694 3.931744 1.971587 14
3.907688 1.991845 3.410570 2.410487 14
3.410570 2.410487 3.395326 2.472096 14
5.100073 0.987694 5.640461 1.585393 14
2.484715 2.353263 3.395331 2.472075 15
1.625519 2.241160 2.459711 2.350001 15
3.410570 2.410487 3.395326 2.472096 15
2.243265 -3.008983 1.625515 2.241195 15
2.243265 -3.008983 3.410582 2.410545 15
2.364931 4.544021 1.373395 5.381661 16
1.343636 5.406801 0.724148 5.930139 16
0.724176 5.930133 -204.835672 44.861976 16
2.478683 4.210377 2.364928 4.544030 16
2.285514 4.060951 2.478683 4.210377 16
0.775233 2.892671 2.258041 4.039699 16
0.775317 2.892659 -191.845499 29.564053 16
1.625519 2.241160 0.974121 2.740278 17
0.941125 2.765560 0.775233 2.892671 17
0.775317 2.892659 -191.845499 29.564053 17
2.243265 -3.008983 1.625515 2.241195 17
1.878747 -11.090859 2.243265 -3.008977 17
-8.208351 -81.695219 1.878748 -11.090854 17
3.172184 7.608573 1.928069 8.029609 18
1.902664 8.038207 -239.354526 89.685000 18
3.273631 7.122459 3.172181 7.608584 18
3.095623 6.699239 3.273638 7.122474 18
2.463429 6.494210 3.095623 6.699239 18
0.724148 5.930139 2.436436 6.485456 18
0.724176 5.930133 -204.835672 44.861976 18
4.645844 6.963344 4.310869 7.002186 19
4.285908 7.005080 3.273631 7.122459 19
5.063870 5.124630 4.645832 6.963396 19
3.095623 6.699239 3.273638 7.122474 19
3.362930 5.934114 3.095612 6.699271 19
4.565558 5.005758 3.362713 5.934282 19
4.893542 5.083998 5.063870 5.124630 19
4.565558 5.005758 4.861506 5.076356 19
8.299417 8.140579 296.988564 162.644864 20
6.694083 7.281417 8.270890 8.125312 20
8.148936 5.826564 6.876485 7.099015 20
6.842715 7.132785 6.694083 7.281417 20
9.124869 6.198813 257.402353 100.898923 20
8.148936 5.826564 9.093407 6.186813 20
9.124869 6.198813 257.402353 100.898923 21
8.148936 5.826564 9.093407 6.186813 21
7.846958 4.902265 8.148941 5.826582 21
8.364104 4.068378 7.846944 4.902288 21
172.321830 -1.928652 9.055820 4.043077 21
9.028773 4.044066 8.364104 4.068378 21
172.321830 -1.928652 9.055820 4.043077 22
9.028773 4.044066 8.364104 4.068378 22
7.801769 2.545406 8.364113 4.068403 22
109.405215 -51.174328 8.033494 2.422889 22
8.002001 2.439540 7.801769 2.545406 22
6.935089 1.554584 6.272080 1.570354 23
6.244715 1.571005 5.640447 1.585377 23
5.100073 0.987694 5.640461 1.585393 23
32.808611 -80.201658 6.935080 1.554610 23
1.878747 -11.090859 5.100076 0.987705 23
-8.208351 -81.695219 1.878748 -11.090854 23
