    4.8963    9.2251
    4.3433    9.1082
    4.2051    8.5819
    4.9885    8.1433
    5.4263    8.4357
    4.7120    9.0789
    4.2281    8.6111
    4.5737    8.0263
    5.1037    7.9678
    5.1728    8.7573
    4.5737    8.8158
    4.3433    8.4357
    4.4124    7.9094
    4.9424    7.7339
    5.2880    8.2018
    4.8502    8.8743
    4.7350    8.5819
    4.5507    8.4649
    4.7811    8.3772
    5.1267    8.5819
    4.9194    8.2018
    4.1129    8.3480
    5.1498    9.1374
    5.2880    8.3187
    4.0207    8.2018
    4.8272    7.6170
    5.4493    7.8509
    5.2189    8.3480
    4.5507    7.7047
    4.4124    7.5877
    4.2972    8.1725
    8.6982    6.0965
    7.7995    4.8977
    7.2926    4.0205
    6.7396    2.8801
    7.2926    1.8567
    9.0207    3.3772
    9.8272    5.5409
    9.8502    6.4766
    7.8687    4.5760
    7.1313    3.1433
    6.8548    2.1491
    8.3525    3.2895
    8.7673    4.5175
    9.1590    5.4532
    7.3848    3.7573
    6.7166    2.2953
    6.6935    1.8275
    7.8687    3.5819
    8.4908    4.7222
    8.9286    5.4825
    8.4677    3.4649
    7.4770    2.2661
    7.3387    2.2368
    8.6290    3.8450
    9.0207    4.9269
    8.9286    5.3070
    7.2005    2.8801
    7.0853    2.3246
    7.7535    3.5819
    8.5369    4.6637
    8.8364    5.5409
    7.8226    4.4883
    7.7765    3.2018
    7.6843    2.4123
    8.2604    3.4942
    8.3756    4.4591
    8.3756    4.4591
    7.9608    3.9912
    7.9608    3.8158
    8.4677    5.2778
    8.4908    5.6579
    7.9839    4.4298
    7.9839    3.6696
    7.7074    2.4123
    8.0530    2.7339
    8.8134    4.2544
    9.3203    4.9854
    7.3387    2.7047
    7.2005    2.0614
    7.7074    2.1491
    8.6290    3.6696
    9.3664    4.6053
    9.6198    4.9561
    8.9977    3.4942
    8.4447    2.8509
    7.1774    1.6228
    6.7166    1.1550
    8.3986    2.5585
    9.4124    3.9620
    9.6889    4.7807
    9.4816    6.2135
    9.4585    6.5936
    8.4908    4.4006
    7.9839    3.3187
    6.9700    2.3830
    8.5599    3.5819
    9.5046    6.0673
    8.5369    5.9503
    7.4309    3.9912
    7.5461    2.9678
    7.4770    2.3538
    7.3387    2.0906
    1.8548    5.6287
    2.3387    4.5468
    2.9608    3.4649
    3.1452    2.0906
    3.1682    1.2135
    2.0853    1.6813
    0.6336    4.3713
    0.3802    5.9211
    1.7857    6.7398
    3.0069    3.2895
    3.2834    1.7982
    2.6152    1.7690
    1.2327    4.1082
    0.7488    5.6871
    0.7488    6.2427
    1.4171    5.5117
    2.0853    3.2310
    2.6843    1.5936
    2.9608    1.4181
    1.9009    4.0789
    0.8410    5.5702
    1.1175    5.9503
    1.5092    5.8918
    2.4770    3.2602
    2.8456    2.1491
    3.3295    1.0088
    3.0069    1.1842
    1.1406    3.6988
    0.6336    5.5994
    0.8871    6.2427
    1.6705    4.0497
    2.1083    2.6170
    2.7995    1.8567
    2.9608    2.4415
    2.0392    3.8158
    1.1175    4.8099
    0.7488    6.0673
    1.0023    6.3889
    1.6244    4.6930
    2.2005    3.4649
    2.5000    2.4415
    2.2696    1.6520
    1.4401    2.8509
    0.9101    4.0205
    0.4954    6.2135
    1.2327    4.5760
    1.6244    3.1725
    1.9931    2.6170
    2.6152    2.6462
    2.2696    3.7281
    1.6014    4.8099
    0.9562    5.8333
    0.6797    6.5351
    2.2005    4.1959
    2.9147    3.1433
    3.1912    2.0906
    3.0760    2.1199
    2.7074    4.4006
    1.8318    5.2485
    1.1406    6.3012
    0.8180    6.7105
    2.4770    9.1082
    5.8410    4.4006
    8.5829    7.5292
    4.9194    6.0088
    5.1498    1.3304
